SQag01  1
1400198400,4123.000000,4126.000000,4092.000000,4092.000000,86.000000,784.000000,22 
SQag02  1
1400198400,4110.000000,4110.000000,4099.000000,4099.000000,6.000000,522.000000,3 
SQag03  1
1400198400,4126.000000,4132.000000,4097.000000,4097.000000,52.000000,540.000000,14 
SQag04  1
1400198400,4132.000000,4132.000000,4103.000000,4107.000000,26.000000,108.000000,8 
SQag06  1
1400198400,4115.000000,4123.000000,4099.000000,4100.000000,181508.000000,203842.000000,4703 
SQag07  1
1400198400,4113.000000,4120.000000,4088.000000,4088.000000,470.000000,1122.000000,49 
SQag08  1
1400198400,4114.000000,4114.000000,4088.000000,4088.000000,82.000000,928.000000,17 
SQag09  1
1400198400,4105.000000,4114.000000,4076.000000,4076.000000,808.000000,3254.000000,92 
SQag10  1
1400198400,4110.000000,4115.000000,4084.000000,4084.000000,48.000000,552.000000,12 
SQag11  1
1400198400,4108.000000,4108.000000,4086.000000,4086.000000,18.000000,326.000000,5 
SQag12  1
1400198400,4115.000000,4123.000000,4082.000000,4086.000000,707062.000000,393750.000000,8921 
SQagMI  1
1400198400,4115.000000,4123.000000,4082.000000,4086.000000,707062.000000,393750.000000,8921 
SQagPI  1
1400198400,4108.370117,4118.279785,4089.120117,4090.699951,890116.000000,605718.000000,2177 
SQagVI  1
1400198400,4107.750000,4117.790039,4086.659912,4088.850098,890116.000000,605718.000000,2177 
SQal01  1
1400198400,13410.000000,13410.000000,13340.000000,13370.000000,12.000000,348.000000,3 
SQal02  1
1400198400,13430.000000,13430.000000,13350.000000,13385.000000,14.000000,58.000000,3 
SQal03  1
1400198400,13495.000000,13495.000000,13480.000000,13480.000000,4.000000,154.000000,1 
SQal05  1
1400198400,13305.000000,13555.000000,13305.000000,13555.000000,26.000000,16.000000,4 
SQal06  1
1400198400,13045.000000,13055.000000,12925.000000,13050.000000,5422.000000,66120.000000,309 
SQal07  1
1400198400,13110.000000,13110.000000,12965.000000,13070.000000,34914.000000,114376.000000,1983 
SQal08  1
1400198400,13150.000000,13150.000000,13020.000000,13115.000000,21316.000000,90552.000000,1132 
SQal09  1
1400198400,13185.000000,13185.000000,13075.000000,13165.000000,6646.000000,29738.000000,412 
SQal10  1
1400198400,13245.000000,13245.000000,13140.000000,13210.000000,1784.000000,8208.000000,185 
SQal11  1
1400198400,13275.000000,13280.000000,13210.000000,13270.000000,254.000000,1346.000000,30 
SQal12  1
1400198400,13340.000000,13400.000000,13250.000000,13360.000000,114.000000,538.000000,15 
SQalMI  1
1400198400,13110.000000,13110.000000,12965.000000,13070.000000,34914.000000,114376.000000,1983 
SQalPI  1
1400198400,13035.549805,13106.280273,12992.480469,13093.599609,70506.000000,311466.000000,1380 
SQalVI  1
1400198400,13043.150391,13112.509766,12997.080078,13096.070313,70506.000000,311466.000000,1380 
SQau02  1
1400198400,260.799988,261.350006,260.799988,261.350006,20.000000,34.000000,5 
SQau04  1
1400198400,261.500000,261.500000,261.500000,261.500000,2.000000,32.000000,1 
SQau06  1
1400198400,260.100006,261.200012,259.600006,260.200012,35058.000000,37534.000000,1147 
SQau08  1
1400198400,260.250000,260.899994,260.200012,260.350006,24.000000,194.000000,6 
SQau10  1
1400198400,260.600006,260.799988,258.850006,260.549988,32.000000,48.000000,6 
SQau12  1
1400198400,260.299988,261.850006,260.250000,260.500000,145748.000000,163260.000000,2785 
SQauMI  1
1400198400,260.299988,261.850006,260.250000,260.500000,145748.000000,163260.000000,2785 
SQauPI  1
1400198400,260.000000,260.000000,259.790009,260.000000,180884.000000,201136.000000,1470 
SQauVI  1
1400198400,260.000000,260.000000,259.820007,260.000000,180884.000000,201136.000000,1470 
SQbu06  1
1400198400,4152.000000,4156.000000,4134.000000,4152.000000,1394.000000,13160.000000,203 
SQbu09  1
1400198400,4308.000000,4310.000000,4292.000000,4306.000000,1748.000000,11924.000000,179 
SQbu12  1
1400198400,4362.000000,4362.000000,4362.000000,4362.000000,2.000000,38.000000,1 
SQbuPI  1
1400198400,4221.919922,4226.390137,4209.479980,4225.419922,3144.000000,25152.000000,289 
SQbuVI  1
1400198400,4245.600098,4287.850098,4207.709961,4237.750000,3144.000000,25152.000000,289 
SQcu01  1
1400198400,47440.000000,47490.000000,47140.000000,47180.000000,416.000000,2778.000000,78 
SQcu02  1
1400198400,47270.000000,47400.000000,47060.000000,47110.000000,132.000000,1776.000000,37 
SQcu03  1
1400198400,47200.000000,47350.000000,47000.000000,47000.000000,158.000000,894.000000,31 
SQcu04  1
1400198400,47190.000000,47200.000000,46900.000000,46900.000000,166.000000,1766.000000,38 
SQcu05  1
1400198400,47150.000000,47560.000000,46800.000000,46800.000000,270.000000,202.000000,65 
SQcu06  1
1400198400,49900.000000,49900.000000,49520.000000,49600.000000,27886.000000,109226.000000,1622 
SQcu07  1
1400198400,49080.000000,49110.000000,48690.000000,48820.000000,86212.000000,237984.000000,4126 
SQcu08  1
1400198400,48560.000000,48570.000000,48120.000000,48210.000000,381838.000000,288094.000000,10601 
SQcu09  1
1400198400,48210.000000,48210.000000,47750.000000,47830.000000,71016.000000,119000.000000,4097 
SQcu10  1
1400198400,47950.000000,47950.000000,47510.000000,47550.000000,10088.000000,34520.000000,968 
SQcu11  1
1400198400,47690.000000,47730.000000,47340.000000,47370.000000,2004.000000,13882.000000,282 
SQcu12  1
1400198400,47570.000000,47600.000000,47210.000000,47300.000000,1114.000000,10952.000000,186 
SQcuMI  1
1400198400,48560.000000,48570.000000,48120.000000,48210.000000,381838.000000,288094.000000,10601 
SQcuPI  1
1400198400,48658.718750,48770.921875,48364.210938,48452.210938,581278.000000,821076.000000,2212 
SQcuVI  1
1400198400,48451.980469,48596.398438,48218.468750,48302.289063,581278.000000,821076.000000,2212 
SQhc01  1
1400198400,3290.000000,3290.000000,3252.000000,3268.000000,568.000000,3404.000000,104 
SQhc03  1
1400198400,3312.000000,3312.000000,3312.000000,3312.000000,2.000000,0.000000,1 
SQhc09  1
1400198400,3334.000000,3338.000000,3322.000000,3324.000000,50.000000,594.000000,15 
SQhc10  1
1400198400,3294.000000,3300.000000,3240.000000,3272.000000,11898.000000,44178.000000,1080 
SQhcMI  1
1400198400,3294.000000,3300.000000,3240.000000,3272.000000,11898.000000,44178.000000,1080 
SQhcPI  1
1400198400,3296.250000,3301.760010,3242.590088,3272.870117,12510.000000,48410.000000,667 
SQhcVI  1
1400198400,3294.000000,3300.000000,3241.040039,3272.030029,12510.000000,48410.000000,667 
SQpb06  1
1400198400,13915.000000,13970.000000,13890.000000,13910.000000,546.000000,4996.000000,48 
SQpb07  1
1400198400,14015.000000,14015.000000,13925.000000,13945.000000,572.000000,4386.000000,51 
SQpb08  1
1400198400,14035.000000,14040.000000,13970.000000,13970.000000,526.000000,2982.000000,76 
SQpb09  1
1400198400,14050.000000,14050.000000,13975.000000,14005.000000,142.000000,1236.000000,22 
SQpbMI  1
1400198400,13915.000000,13970.000000,13890.000000,13910.000000,546.000000,4996.000000,48 
SQpbPI  1
1400198400,13977.530273,13998.900391,13932.559570,13944.309570,1786.000000,13652.000000,155 
SQpbVI  1
1400198400,14006.070313,14007.330078,13932.900391,13946.429688,1786.000000,13652.000000,155 
SQrb01  1
1400198400,3126.000000,3126.000000,3061.000000,3081.000000,299244.000000,521958.000000,8385 
SQrb02  1
1400198400,3113.000000,3113.000000,3069.000000,3079.000000,104.000000,970.000000,31 
SQrb03  1
1400198400,3109.000000,3109.000000,3060.000000,3082.000000,30.000000,490.000000,6 
SQrb04  1
1400198400,3122.000000,3126.000000,3085.000000,3102.000000,188.000000,2030.000000,49 
SQrb05  1
1400198400,3145.000000,3145.000000,3101.000000,3121.000000,1926.000000,1450.000000,390 
SQrb06  1
1400198400,3184.000000,3184.000000,3184.000000,3184.000000,2.000000,476.000000,1 
SQrb07  1
1400198400,3207.000000,3227.000000,3189.000000,3189.000000,102.000000,300.000000,32 
SQrb08  1
1400198400,3172.000000,3172.000000,3172.000000,3172.000000,6.000000,206.000000,2 
SQrb09  1
1400198400,3165.000000,3178.000000,3102.000000,3178.000000,3392.000000,3084.000000,282 
SQrb10  1
1400198400,3127.000000,3130.000000,3063.000000,3090.000000,2660116.000000,2218336.000000,20942 
SQrb11  1
1400198400,3119.000000,3119.000000,3068.000000,3079.000000,48.000000,234.000000,16 
SQrb12  1
1400198400,3114.000000,3129.000000,3078.000000,3129.000000,22.000000,368.000000,7 
SQrbMI  1
1400198400,3127.000000,3130.000000,3063.000000,3090.000000,2660116.000000,2218336.000000,20942 
SQrbPI  1
1400198400,3126.929932,3127.550049,3065.129883,3088.449951,2964800.000000,2750030.000000,2254 
SQrbVI  1
1400198400,3126.979980,3127.840088,3065.080078,3089.219971,2964800.000000,2750030.000000,2254 
SQru01  1
1400198400,15355.000000,15400.000000,14985.000000,15110.000000,133156.000000,117944.000000,9966 
SQru03  1
1400198400,15505.000000,15565.000000,15185.000000,15300.000000,314.000000,1752.000000,83 
SQru04  1
1400198400,15570.000000,15570.000000,15300.000000,15420.000000,30.000000,26.000000,9 
SQru05  1
1400198400,15525.000000,15895.000000,15440.000000,15515.000000,740.000000,334.000000,287 
SQru06  1
1400198400,13600.000000,13670.000000,13340.000000,13465.000000,1512.000000,2090.000000,188 
SQru07  1
1400198400,13805.000000,13805.000000,13485.000000,13600.000000,2226.000000,2038.000000,272 
SQru08  1
1400198400,13880.000000,13880.000000,13570.000000,13650.000000,40.000000,702.000000,6 
SQru09  1
1400198400,14045.000000,14085.000000,13635.000000,13820.000000,722082.000000,339960.000000,20995 
SQru10  1
1400198400,14040.000000,14040.000000,13720.000000,13785.000000,68.000000,1044.000000,25 
SQru11  1
1400198400,14035.000000,14125.000000,13675.000000,13855.000000,3486.000000,11614.000000,698 
SQruMI  1
1400198400,14045.000000,14085.000000,13635.000000,13820.000000,722082.000000,339960.000000,20995 
SQruPI  1
1400198400,14383.080078,14407.809570,13988.000000,14143.370117,863624.000000,477504.000000,2254 
SQruVI  1
1400198400,14177.780273,14282.830078,13856.120117,14019.879883,863624.000000,477504.000000,2254 
SQzn01  1
1400198400,15320.000000,15320.000000,15280.000000,15280.000000,12.000000,224.000000,4 
SQzn02  1
1400198400,15280.000000,15280.000000,15280.000000,15280.000000,2.000000,48.000000,1 
SQzn03  1
1400198400,15295.000000,15295.000000,15295.000000,15295.000000,2.000000,62.000000,1 
SQzn04  1
1400198400,15355.000000,15355.000000,15260.000000,15260.000000,8.000000,38.000000,4 
SQzn06  1
1400198400,15220.000000,15220.000000,15155.000000,15175.000000,3146.000000,23278.000000,198 
SQzn07  1
1400198400,15245.000000,15255.000000,15170.000000,15170.000000,16364.000000,83130.000000,913 
SQzn08  1
1400198400,15260.000000,15270.000000,15180.000000,15185.000000,12238.000000,60282.000000,855 
SQzn09  1
1400198400,15250.000000,15255.000000,15185.000000,15185.000000,2132.000000,14070.000000,119 
SQzn10  1
1400198400,15255.000000,15255.000000,15200.000000,15200.000000,556.000000,3470.000000,31 
SQzn12  1
1400198400,15235.000000,15280.000000,15220.000000,15220.000000,8.000000,488.000000,1 
SQznMI  1
1400198400,15260.000000,15270.000000,15180.000000,15185.000000,12238.000000,60282.000000,855 
SQznPI  1
1400198400,15193.629883,15223.849609,15174.910156,15177.730469,34464.000000,185368.000000,882 
SQznVI  1
1400198400,15193.250000,15225.910156,15174.790039,15177.280273,34464.000000,185368.000000,882 
DLaMI  1
1400198400,4460.000000,4497.000000,4440.000000,4483.000000,216220.000000,264284.000000,8765 
DLaPI  1
1400198400,4491.299805,4530.930176,4484.180176,4520.689941,349890.000000,572910.000000,2189 
DLaVI  1
1400198400,4475.450195,4522.180176,4475.089844,4509.419922,349890.000000,572910.000000,2189 
DLaX09  1
1400198400,4526.000000,4560.000000,4517.000000,4552.000000,130274.000000,300860.000000,6045 
DLaY01  1
1400198400,4460.000000,4497.000000,4440.000000,4483.000000,216220.000000,264284.000000,8765 
DLaY03  1
1400198400,4509.000000,4509.000000,4509.000000,4509.000000,6.000000,34.000000,2 
DLaY05  1
1400198400,4525.000000,4567.000000,4512.000000,4554.000000,3158.000000,5290.000000,843 
DLaY07  1
1400198400,4548.000000,4556.000000,4548.000000,4556.000000,4.000000,8.000000,2 
DLaY09  1
1400198400,4601.000000,4618.000000,4578.000000,4611.000000,228.000000,1182.000000,75 
DLb01  1
1400198400,3907.000000,4040.000000,3907.000000,4017.000000,172.000000,122.000000,58 
DLb03  1
1400198400,3890.000000,3983.000000,3890.000000,3961.000000,26.000000,6.000000,11 
DLb07  1
1400198400,4400.000000,4444.000000,4400.000000,4444.000000,4.000000,36.000000,2 
DLb09  1
1400198400,4199.000000,4260.000000,4199.000000,4239.000000,74.000000,332.000000,22 
DLb11  1
1400198400,4049.000000,4049.000000,4049.000000,4049.000000,2.000000,6.000000,1 
DLbMI  1
1400198400,3907.000000,4040.000000,3907.000000,4017.000000,172.000000,122.000000,58 
DLbPI  1
1400198400,102.419998,102.419998,93.400002,97.790001,567416.000000,206418.000000,2251 
DLbVI  1
1400198400,137.000000,137.000000,81.260002,96.489998,567416.000000,206418.000000,2251 
DLbb01  1
1400198400,135.149994,136.199997,134.500000,135.000000,842.000000,1342.000000,182 
DLbb05  1
1400198400,125.099998,130.000000,125.000000,130.000000,38.000000,194.000000,4 
DLbb06  1
1400198400,130.149994,130.600006,127.300003,129.500000,516.000000,438.000000,137 
DLbb07  1
1400198400,130.800003,131.899994,127.699997,129.000000,162.000000,682.000000,69 
DLbb08  1
1400198400,137.199997,137.800003,133.399994,137.100006,206.000000,412.000000,86 
DLbb09  1
1400198400,137.050003,137.850006,136.050003,137.250000,252780.000000,71490.000000,11766 
DLbb10  1
1400198400,134.699997,135.149994,134.199997,134.199997,22.000000,112.000000,11 
DLbb11  1
1400198400,135.199997,135.199997,134.550003,134.550003,4.000000,14.000000,2 
DLbb12  1
1400198400,136.550003,136.550003,136.550003,136.550003,2.000000,12.000000,1 
DLbbMI  1
1400198400,137.050003,137.850006,136.050003,137.250000,252780.000000,71490.000000,11766 
DLbbPI  1
1400198400,136.889999,136.889999,135.830002,136.820007,254572.000000,74706.000000,2206 
DLbbVI  1
1400198400,137.000000,137.000000,135.949997,136.970001,254572.000000,74706.000000,2206 
DLc01  1
1400198400,2321.000000,2331.000000,2321.000000,2323.000000,5384.000000,52360.000000,391 
DLc03  1
1400198400,2319.000000,2331.000000,2319.000000,2331.000000,4.000000,6.000000,2 
DLc07  1
1400198400,2364.000000,2364.000000,2350.000000,2355.000000,12.000000,18.000000,6 
DLc09  1
1400198400,2354.000000,2360.000000,2351.000000,2351.000000,37916.000000,257180.000000,1421 
DLc11  1
1400198400,2310.000000,2317.000000,2301.000000,2301.000000,6.000000,80.000000,3 
DLcMI  1
1400198400,2354.000000,2360.000000,2351.000000,2351.000000,37916.000000,257180.000000,1421 
DLcPI  1
1400198400,2348.489990,2354.409912,2346.250000,2346.250000,43322.000000,309644.000000,1058 
DLcVI  1
1400198400,2348.560059,2354.409912,2345.280029,2347.510010,43322.000000,309644.000000,1058 
DLfb01  1
1400198400,61.549999,61.549999,59.950001,61.049999,548.000000,892.000000,108 
DLfb05  1
1400198400,48.000000,49.500000,47.500000,47.500000,68.000000,802.000000,17 
DLfb06  1
1400198400,51.500000,51.500000,50.500000,50.500000,228.000000,224.000000,75 
DLfb07  1
1400198400,52.500000,53.299999,51.599998,52.000000,194.000000,296.000000,73 
DLfb08  1
1400198400,57.700001,57.700001,57.700001,57.700001,6.000000,10.000000,1 
DLfb09  1
1400198400,61.049999,61.099998,59.200001,60.099998,311496.000000,128952.000000,9791 
DLfb10  1
1400198400,60.799999,61.450001,60.349998,60.349998,26.000000,20.000000,7 
DLfbMI  1
1400198400,61.049999,61.099998,59.200001,60.099998,311496.000000,128952.000000,9791 
DLfbPI  1
1400198400,59.919998,59.919998,58.910000,59.889999,312566.000000,131210.000000,2148 
DLfbVI  1
1400198400,59.990002,60.000000,58.980000,59.990002,312566.000000,131210.000000,2148 
DLi01  1
1400198400,717.000000,718.000000,698.000000,705.000000,68634.000000,158408.000000,2626 
DLi03  1
1400198400,708.000000,710.000000,704.000000,704.000000,10.000000,10.000000,5 
DLi06  1
1400198400,796.000000,801.000000,794.000000,794.000000,130.000000,1414.000000,16 
DLi07  1
1400198400,780.000000,780.000000,768.000000,773.000000,112.000000,2108.000000,30 
DLi08  1
1400198400,762.000000,770.000000,753.000000,761.000000,160.000000,1206.000000,21 
DLi09  1
1400198400,736.000000,737.000000,712.000000,717.000000,979972.000000,522544.000000,10744 
DLi10  1
1400198400,729.000000,729.000000,713.000000,721.000000,30.000000,6.000000,11 
DLiMI  1
1400198400,736.000000,737.000000,712.000000,717.000000,979972.000000,522544.000000,10744 
DLiPI  1
1400198400,731.890015,732.090027,709.890015,715.250000,1049048.000000,689276.000000,2171 
DLiVI  1
1400198400,734.419983,734.419983,711.070007,716.239990,1049048.000000,689276.000000,2171 
DLj01  1
1400198400,1238.000000,1238.000000,1202.000000,1202.000000,48830.000000,41932.000000,3090 
DLj04  1
1400198400,1270.000000,1270.000000,1262.000000,1262.000000,4.000000,0.000000,2 
DLj05  1
1400198400,1054.000000,1054.000000,1054.000000,1054.000000,40.000000,1620.000000,1 
DLj06  1
1400198400,1103.000000,1103.000000,1103.000000,1103.000000,2.000000,20.000000,1 
DLj07  1
1400198400,1130.000000,1130.000000,1126.000000,1127.000000,10.000000,2.000000,5 
DLj09  1
1400198400,1182.000000,1183.000000,1148.000000,1148.000000,662552.000000,313330.000000,12122 
DLj11  1
1400198400,1174.000000,1174.000000,1174.000000,1174.000000,2.000000,6.000000,1 
DLjMI  1
1400198400,1182.000000,1183.000000,1148.000000,1148.000000,662552.000000,313330.000000,12122 
DLjPI  1
1400198400,2393.219971,2422.270020,2321.010010,2387.610107,2335640.000000,1153894.000000,2253 
DLjVI  1
1400198400,1994.920044,2207.580078,1865.780029,2158.120117,2335640.000000,1153894.000000,2253 
DLjd01  1
1400198400,4752.000000,4793.000000,4711.000000,4774.000000,102318.000000,55900.000000,7796 
DLjd02  1
1400198400,4616.000000,4616.000000,4616.000000,4616.000000,2.000000,12.000000,1 
DLjd03  1
1400198400,4413.000000,4468.000000,4382.000000,4412.000000,686.000000,1052.000000,208 
DLjd04  1
1400198400,4366.000000,4430.000000,4366.000000,4430.000000,4.000000,22.000000,2 
DLjd06  1
1400198400,5306.000000,5335.000000,5238.000000,5309.000000,548.000000,336.000000,190 
DLjd09  1
1400198400,5222.000000,5278.000000,5202.000000,5276.000000,557598.000000,327694.000000,18254 
DLjd10  1
1400198400,5039.000000,5039.000000,4999.000000,5026.000000,402.000000,686.000000,93 
DLjd11  1
1400198400,4870.000000,4871.000000,4828.000000,4871.000000,10.000000,380.000000,5 
DLjd12  1
1400198400,4789.000000,4799.000000,4783.000000,4799.000000,8.000000,12.000000,4 
DLjdMI  1
1400198400,5222.000000,5278.000000,5202.000000,5276.000000,557598.000000,327694.000000,18254 
DLjdPI  1
1400198400,5158.479980,5201.740234,5125.859863,5200.060059,661576.000000,386100.000000,2251 
DLjdVI  1
1400198400,5134.870117,5198.850098,5112.580078,5197.319824,661576.000000,386100.000000,2251 
DLjm01  1
1400198400,866.000000,876.000000,846.000000,846.000000,60580.000000,62208.000000,3068 
DLjm05  1
1400198400,798.000000,820.000000,798.000000,820.000000,28.000000,3000.000000,2 
DLjm09  1
1400198400,831.000000,834.000000,807.000000,811.000000,902004.000000,345536.000000,12954 
DLjm10  1
1400198400,841.000000,841.000000,826.000000,826.000000,12.000000,18.000000,4 
DLjmMI  1
1400198400,831.000000,834.000000,807.000000,811.000000,902004.000000,345536.000000,12954 
DLjmPI  1
1400198400,833.700012,839.880005,813.059998,816.380005,962624.000000,410828.000000,2226 
DLjmVI  1
1400198400,829.400024,836.010010,809.049988,813.200012,962624.000000,410828.000000,2226 
DLl01  1
1400198400,10750.000000,10750.000000,10630.000000,10670.000000,60226.000000,222932.000000,2215 
DLl05  1
1400198400,11200.000000,11280.000000,11200.000000,11260.000000,1006.000000,4012.000000,28 
DLl06  1
1400198400,11210.000000,11210.000000,11210.000000,11210.000000,4.000000,4.000000,1 
DLl09  1
1400198400,11090.000000,11090.000000,10975.000000,11030.000000,377104.000000,466210.000000,8862 
DLl10  1
1400198400,11075.000000,11075.000000,10915.000000,10915.000000,12.000000,12.000000,2 
DLl12  1
1400198400,10760.000000,10760.000000,10760.000000,10760.000000,2.000000,0.000000,1 
DLlMI  1
1400198400,11090.000000,11090.000000,10975.000000,11030.000000,377104.000000,466210.000000,8862 
DLlPI  1
1400198400,10941.009766,10958.940430,10866.790039,10915.549805,438354.000000,693186.000000,2123 
DLlVI  1
1400198400,11019.169922,11044.379883,10927.950195,10981.059570,438354.000000,693186.000000,2123 
DLm01  1
1400198400,3401.000000,3423.000000,3399.000000,3416.000000,275764.000000,993312.000000,7402 
DLm03  1
1400198400,3379.000000,3383.000000,3368.000000,3380.000000,806.000000,1974.000000,187 
DLm05  1
1400198400,3800.000000,3855.000000,3800.000000,3855.000000,5920.000000,8718.000000,5 
DLm07  1
1400198400,3849.000000,3849.000000,3816.000000,3827.000000,214.000000,7116.000000,41 
DLm08  1
1400198400,3730.000000,3759.000000,3730.000000,3756.000000,36.000000,1080.000000,16 
DLm09  1
1400198400,3680.000000,3694.000000,3677.000000,3692.000000,776160.000000,1465114.000000,12652 
DLm11  1
1400198400,3575.000000,3597.000000,3570.000000,3586.000000,66.000000,1022.000000,26 
DLm12  1
1400198400,3487.000000,3497.000000,3487.000000,3497.000000,20.000000,1240.000000,10 
DLmMI  1
1400198400,3680.000000,3694.000000,3677.000000,3692.000000,776160.000000,1465114.000000,12652 
DLmPI  1
1400198400,3171.280029,3189.790039,3157.219971,3188.939941,2021610.000000,2890404.000000,2252 
DLmVI  1
1400198400,3613.949951,3613.949951,2275.570068,2283.929932,2021610.000000,2890404.000000,2252 
DLp01  1
1400198400,6136.000000,6142.000000,6086.000000,6114.000000,53566.000000,156142.000000,2812 
DLp05  1
1400198400,5846.000000,5846.000000,5760.000000,5760.000000,22.000000,15158.000000,5 
DLp08  1
1400198400,6010.000000,6018.000000,5998.000000,5998.000000,48.000000,36.000000,11 
DLp09  1
1400198400,6022.000000,6034.000000,5966.000000,6002.000000,288144.000000,407648.000000,9714 
DLpMI  1
1400198400,6022.000000,6034.000000,5966.000000,6002.000000,288144.000000,407648.000000,9714 
DLpPI  1
1400198400,6845.500000,6922.649902,6838.669922,6922.229980,458370.000000,718090.000000,2247 
DLpVI  1
1400198400,7398.689941,7764.740234,7044.740234,7204.640137,458370.000000,718090.000000,2247 
DLpp01  1
1400198400,10250.000000,10260.000000,10200.000000,10258.000000,3238.000000,16434.000000,437 
DLpp05  1
1400198400,11530.000000,11530.000000,11530.000000,11530.000000,14.000000,2468.000000,1 
DLpp08  1
1400198400,10665.000000,10665.000000,10665.000000,10665.000000,2.000000,4.000000,1 
DLpp09  1
1400198400,10665.000000,10692.000000,10600.000000,10691.000000,113124.000000,119902.000000,8545 
DLpp10  1
1400198400,10511.000000,10739.000000,10420.000000,10739.000000,110.000000,82.000000,12 
DLpp11  1
1400198400,10539.000000,10539.000000,10539.000000,10539.000000,6.000000,24.000000,2 
DLpp12  1
1400198400,10628.000000,10628.000000,10242.000000,10242.000000,96.000000,130.000000,18 
DLppMI  1
1400198400,10665.000000,10692.000000,10600.000000,10691.000000,113124.000000,119902.000000,8545 
DLppPI  1
1400198400,10634.700195,10655.370117,10570.290039,10654.290039,116590.000000,139068.000000,2105 
DLppVI  1
1400198400,10665.000000,10679.769531,10590.400391,10678.740234,116590.000000,139068.000000,2105 
DLv01  1
1400198400,6155.000000,6155.000000,6115.000000,6120.000000,456.000000,8024.000000,93 
DLv05  1
1400198400,6030.000000,6030.000000,6030.000000,6030.000000,4.000000,702.000000,1 
DLv09  1
1400198400,6100.000000,6100.000000,6070.000000,6080.000000,3912.000000,29830.000000,433 
DLvMI  1
1400198400,6100.000000,6100.000000,6070.000000,6080.000000,3912.000000,29830.000000,433 
DLvPI  1
1400198400,6112.200195,6112.200195,6082.520020,6087.419922,4372.000000,38576.000000,402 
DLvVI  1
1400198400,6100.000000,6113.750000,6078.589844,6084.129883,4372.000000,38576.000000,402 
DLy01  1
1400198400,6980.000000,6984.000000,6926.000000,6952.000000,53436.000000,356874.000000,2339 
DLy03  1
1400198400,7010.000000,7010.000000,7002.000000,7002.000000,4.000000,24.000000,2 
DLy09  1
1400198400,6884.000000,6884.000000,6812.000000,6842.000000,281168.000000,537902.000000,8247 
DLy11  1
1400198400,6958.000000,6958.000000,6890.000000,6890.000000,14.000000,20.000000,5 
DLyMI  1
1400198400,6884.000000,6884.000000,6812.000000,6842.000000,281168.000000,537902.000000,8247 
DLyPI  1
1400198400,6921.370117,6921.370117,6857.290039,6885.250000,334622.000000,896820.000000,2111 
DLyVI  1
1400198400,6892.729980,6892.729980,6831.419922,6859.569824,334622.000000,896820.000000,2111 
ZZCF01  1
1400198400,15955.000000,15985.000000,15880.000000,15910.000000,20544.000000,133564.000000,2047 
ZZCF03  1
1400198400,16060.000000,16060.000000,15975.000000,15975.000000,66.000000,598.000000,16 
ZZCF09  1
1400198400,17185.000000,17210.000000,17165.000000,17185.000000,1722.000000,33374.000000,264 
ZZCF11  1
1400198400,16140.000000,16160.000000,16030.000000,16060.000000,2456.000000,13536.000000,223 
ZZCFMI  1
1400198400,15955.000000,15985.000000,15880.000000,15910.000000,20544.000000,133564.000000,2047 
ZZCFPI  1
1400198400,16214.179688,16222.870117,16131.040039,16157.750000,24788.000000,182026.000000,1274 
ZZCFVI  1
1400198400,15955.000000,16217.410156,15955.000000,16013.610352,24788.000000,182026.000000,1274 
ZZFG01  1
1400198400,1162.000000,1167.000000,1146.000000,1149.000000,36524.000000,137192.000000,2752 
ZZFG06  1
1400198400,1273.000000,1273.000000,1257.000000,1257.000000,170.000000,1136.000000,28 
ZZFG08  1
1400198400,1214.000000,1214.000000,1214.000000,1214.000000,4.000000,200.000000,1 
ZZFG09  1
1400198400,1197.000000,1204.000000,1179.000000,1184.000000,329600.000000,376300.000000,10082 
ZZFG11  1
1400198400,1188.000000,1190.000000,1188.000000,1188.000000,24.000000,32.000000,6 
ZZFGMI  1
1400198400,1197.000000,1204.000000,1179.000000,1184.000000,329600.000000,376300.000000,10082 
ZZFGPI  1
1400198400,1187.530029,1194.209961,1170.900024,1174.160034,366320.000000,515394.000000,2161 
ZZFGVI  1
1400198400,1188.160034,1199.349976,1175.709961,1179.650024,366320.000000,515394.000000,2161 
ZZME01  1
1400198400,2764.000000,2769.000000,2711.000000,2735.000000,2508.000000,4136.000000,663 
ZZME04  1
1400198400,2800.000000,2802.000000,2721.000000,2802.000000,12.000000,0.000000,3 
ZZME05  1
1400198400,2496.000000,2496.000000,2496.000000,2496.000000,40.000000,450.000000,2 
ZZME09  1
1400198400,2630.000000,2639.000000,2569.000000,2597.000000,84648.000000,41394.000000,7635 
ZZME10  1
1400198400,2570.000000,2586.000000,2570.000000,2586.000000,10.000000,12.000000,2 
ZZMEMI  1
1400198400,2630.000000,2639.000000,2569.000000,2597.000000,84648.000000,41394.000000,7635 
ZZMEPI  1
1400198400,2642.110107,2649.820068,2581.280029,2608.439941,87216.000000,45996.000000,2028 
ZZMEVI  1
1400198400,2630.000000,2639.689941,2574.189941,2600.949951,87216.000000,45996.000000,2028 
ZZOI01  1
1400198400,7136.000000,7136.000000,7110.000000,7132.000000,23714.000000,106908.000000,1894 
ZZOI09  1
1400198400,7256.000000,7272.000000,7232.000000,7258.000000,57690.000000,159014.000000,3763 
ZZOI11  1
1400198400,7100.000000,7238.000000,7100.000000,7208.000000,14.000000,12.000000,5 
ZZOIMI  1
1400198400,7256.000000,7272.000000,7232.000000,7258.000000,57690.000000,159014.000000,3763 
ZZOIPI  1
1400198400,7208.419922,7213.129883,7185.140137,7207.299805,81398.000000,267510.000000,1674 
ZZOIVI  1
1400198400,7229.979980,7232.209961,7193.700195,7222.700195,81398.000000,267510.000000,1674 
ZZRI01  1
1400198400,2438.000000,2448.000000,2438.000000,2446.000000,22.000000,174.000000,10 
ZZRI05  1
1400198400,2185.000000,2185.000000,2150.000000,2150.000000,28.000000,1174.000000,5 
ZZRI07  1
1400198400,2240.000000,2270.000000,2240.000000,2253.000000,94.000000,1930.000000,44 
ZZRI09  1
1400198400,2364.000000,2382.000000,2360.000000,2376.000000,1004.000000,5318.000000,236 
ZZRIMI  1
1400198400,2364.000000,2382.000000,2360.000000,2376.000000,1004.000000,5318.000000,236 
ZZRIPI  1
1400198400,2320.129883,2331.120117,2313.449951,2319.030029,1148.000000,8602.000000,243 
ZZRIVI  1
1400198400,2364.000000,2382.669922,2358.179932,2361.760010,1148.000000,8602.000000,243 
ZZRM01  1
1400198400,2552.000000,2588.000000,2551.000000,2577.000000,633968.000000,580978.000000,14250 
ZZRM03  1
1400198400,2540.000000,2568.000000,2537.000000,2558.000000,3328.000000,6228.000000,630 
ZZRM05  1
1400198400,2980.000000,2981.000000,2980.000000,2981.000000,22.000000,4820.000000,2 
ZZRM07  1
1400198400,3015.000000,3058.000000,3015.000000,3057.000000,90.000000,980.000000,21 
ZZRM08  1
1400198400,3042.000000,3081.000000,3042.000000,3071.000000,118.000000,964.000000,48 
ZZRM09  1
1400198400,2965.000000,2993.000000,2963.000000,2991.000000,2184418.000000,1149066.000000,20733 
ZZRM11  1
1400198400,2755.000000,2777.000000,2748.000000,2774.000000,2700.000000,18588.000000,532 
ZZRMMI  1
1400198400,2965.000000,2993.000000,2963.000000,2991.000000,2184418.000000,1149066.000000,20733 
ZZRMPI  1
1400198400,2831.350098,2861.169922,2831.330078,2851.350098,2824590.000000,1761630.000000,2251 
ZZRMVI  1
1400198400,2870.300049,2924.399902,2870.300049,2898.139893,2824590.000000,1761630.000000,2251 
ZZRS09  1
1400198400,4977.000000,4987.000000,4956.000000,4970.000000,384.000000,2490.000000,123 
ZZRSMI  1
1400198400,4977.000000,4987.000000,4956.000000,4970.000000,384.000000,2490.000000,123 
ZZRSPI  1
1400198400,4976.959961,4986.939941,4956.009766,4969.979980,384.000000,2496.000000,112 
ZZRSVI  1
1400198400,4977.000000,4987.000000,4956.000000,4970.000000,384.000000,2496.000000,112 
ZZSRMI  1
1400198400,4850.000000,4859.000000,4829.000000,4854.000000,473526.000000,661428.000000,15737 
ZZSRPI  1
1400198400,4983.250000,4994.479980,4965.060059,4993.520020,621614.000000,1096924.000000,2244 
ZZSRVI  1
1400198400,4885.859863,4939.160156,4885.859863,4935.799805,621614.000000,1096924.000000,2244 
ZZSRX05  1
1400198400,4691.000000,4691.000000,4681.000000,4682.000000,32.000000,6886.000000,4 
ZZSRX07  1
1400198400,4769.000000,4769.000000,4762.000000,4764.000000,8.000000,490.000000,4 
ZZSRX09  1
1400198400,4850.000000,4859.000000,4829.000000,4854.000000,473526.000000,661428.000000,15737 
ZZSRX11  1
1400198400,4870.000000,4912.000000,4870.000000,4901.000000,58.000000,852.000000,23 
ZZSRY01  1
1400198400,5185.000000,5199.000000,5167.000000,5193.000000,137310.000000,368288.000000,7594 
ZZSRY05  1
1400198400,5305.000000,5326.000000,5291.000000,5324.000000,9128.000000,36776.000000,1079 
ZZSRY07  1
1400198400,5376.000000,5376.000000,5376.000000,5376.000000,2.000000,170.000000,1 
ZZSRY09  1
1400198400,5442.000000,5460.000000,5425.000000,5459.000000,1590.000000,22016.000000,367 
ZZTA01  1
1400198400,6220.000000,6234.000000,6158.000000,6212.000000,22694.000000,80388.000000,2293 
ZZTA05  1
1400198400,6070.000000,6120.000000,6060.000000,6120.000000,1598.000000,63966.000000,42 
ZZTA06  1
1400198400,6082.000000,6086.000000,6070.000000,6070.000000,32.000000,398.000000,4 
ZZTA07  1
1400198400,6096.000000,6096.000000,6096.000000,6096.000000,2.000000,36.000000,1 
ZZTA08  1
1400198400,6120.000000,6128.000000,6120.000000,6128.000000,10.000000,30.000000,4 
ZZTA09  1
1400198400,6164.000000,6182.000000,6108.000000,6182.000000,394754.000000,463024.000000,11822 
ZZTA10  1
1400198400,6182.000000,6182.000000,6182.000000,6182.000000,2.000000,200.000000,1 
ZZTA11  1
1400198400,6192.000000,6192.000000,6192.000000,6192.000000,2.000000,40.000000,1 
ZZTAMI  1
1400198400,6164.000000,6182.000000,6108.000000,6182.000000,394754.000000,463024.000000,11822 
ZZTAPI  1
1400198400,6164.060059,6179.359863,6112.140137,6179.359863,418938.000000,608036.000000,2221 
ZZTAVI  1
1400198400,6164.560059,6183.370117,6112.669922,6183.370117,418938.000000,608036.000000,2221 
ZZTC01  1
1400198400,536.200012,536.200012,530.799988,533.200012,1666.000000,7350.000000,345 
ZZTC03  1
1400198400,534.200012,534.200012,534.200012,534.200012,2.000000,0.000000,1 
ZZTC05  1
1400198400,531.799988,534.000000,530.000000,533.000000,92.000000,252.000000,36 
ZZTC09  1
1400198400,527.200012,527.799988,521.400024,523.799988,40412.000000,55070.000000,3927 
ZZTC10  1
1400198400,533.799988,533.799988,528.000000,528.000000,10.000000,10.000000,5 
ZZTCMI  1
1400198400,527.200012,527.799988,521.400024,523.799988,40412.000000,55070.000000,3927 
ZZTCPI  1
1400198400,528.460022,528.460022,522.080017,524.210022,42182.000000,62686.000000,1624 
ZZTCVI  1
1400198400,527.000000,527.299988,521.340027,523.419983,42182.000000,62686.000000,1624 
ZZWHMI  1
1400198400,2630.000000,2650.000000,2630.000000,2639.000000,10246.000000,47208.000000,1081 
ZZWHPI  1
1400198400,2712.679932,2731.110107,2710.649902,2711.399902,13470.000000,66522.000000,729 
ZZWHVI  1
1400198400,2630.000000,2741.080078,2630.000000,2708.550049,13470.000000,66522.000000,729 
ZZWHX05  1
1400198400,2988.000000,2988.000000,2970.000000,2970.000000,2710.000000,13128.000000,31 
ZZWHX07  1
1400198400,2673.000000,2673.000000,2664.000000,2664.000000,4.000000,218.000000,2 
ZZWHX09  1
1400198400,2630.000000,2650.000000,2630.000000,2639.000000,10246.000000,47208.000000,1081 
ZZWHY01  1
1400198400,2715.000000,2726.000000,2715.000000,2717.000000,510.000000,5964.000000,103 
ZJIF05  1
1400198400,2140.000000,2151.399902,2136.199951,2142.199951,60612.000000,2641.000000,14655 
ZJIF06  1
1400198400,2132.000000,2144.000000,2124.000000,2130.399902,583368.000000,109093.000000,31656 
ZJIF09  1
1400198400,2121.000000,2131.800049,2112.399902,2119.800049,12957.000000,31680.000000,5475 
ZJIF12  1
1400198400,2130.199951,2139.800049,2122.600098,2128.800049,1137.000000,1888.000000,872 
ZJIFMI  1
1400198400,2132.000000,2144.000000,2124.000000,2130.399902,583368.000000,109093.000000,31656 
ZJIFPI  1
1400198400,2130.699951,2141.310059,2123.209961,2127.790039,657657.000000,145528.000000,2702 
ZJIFVI  1
1400198400,2132.699951,2143.810059,2126.030029,2130.889893,657657.000000,145528.000000,2702 
ZJTF06  1
1400198400,92.811996,93.000000,92.811996,92.947998,380.000000,1529.000000,278 
ZJTF09  1
1400198400,93.500000,93.550003,93.430000,93.517998,617.000000,2529.000000,406 
ZJTF12  1
1400198400,93.786003,93.800003,93.739998,93.760002,12.000000,80.000000,11 
ZJTFMI  1
1400198400,93.500000,93.550003,93.430000,93.517998,617.000000,2529.000000,406 
ZJTFPI  1
1400198400,92.580002,93.000000,92.580002,92.629997,1009.000000,4138.000000,513 
ZJTFVI  1
1400198400,92.500000,93.000000,92.379997,92.620003,1009.000000,4138.000000,513 
